53968 20210101  2.622  -95.72   31.78     5.6     2.6     4.1     4.3     0.0     2.48 C    13.0     8.6    10.6    90.3    66.0    75.1 -99.000 -99.000 -99.000   0.362   0.387 -9999.0 -9999.0    13.0    12.3    14.9
53968 20210102  2.622  -95.72   31.78    11.7     3.2     7.4     6.1     0.0    11.30 C    21.9     7.6    12.4    81.6    33.6    63.9 -99.000 -99.000 -99.000   0.361   0.388 -9999.0 -9999.0    12.1    11.4    14.4
53968 20210103  2.622  -95.72   31.78    18.7     3.7    11.2    10.5     0.0    11.87 C    24.9     7.1    13.7    72.8    28.9    54.0 -99.000 -99.000 -99.000   0.361   0.388 -9999.0 -9999.0    12.0    11.2    14.1
53968 20210104  2.622  -95.72   31.78    21.6     5.6    13.6    11.8     0.0    11.23 C    28.6     8.9    15.7    92.2    23.4    66.8 -99.000 -99.000 -99.000   0.361   0.388 -9999.0 -9999.0    12.2    11.4    13.8
53968 20210105  2.622  -95.72   31.78    19.5     2.2    10.8    11.9     0.0    11.90 C    26.9     7.5    15.2    76.3    25.4    50.8 -99.000 -99.000 -99.000   0.361   0.388 -9999.0 -9999.0    12.5    11.7    13.8
53968 20210106  2.622  -95.72   31.78    15.1     8.3    11.7    12.1    46.8     0.73 C    19.1    13.1    16.0    91.2    48.4    72.8 -99.000 -99.000 -99.000   0.362   0.388 -9999.0 -9999.0    12.8    12.1    13.8
53968 20210107  2.622  -95.72   31.78     8.9     7.1     8.0     8.2     0.0     1.96 C    15.3    12.0    13.2    73.6    59.9    67.3 -99.000 -99.000 -99.000   0.365   0.388 -9999.0 -9999.0    12.6    11.9    13.9
53968 20210108  2.622  -95.72   31.78     7.8     0.2     4.0     5.7     0.0     3.33 C    16.0     5.7    11.4    85.4    59.3    70.9 -99.000 -99.000 -99.000   0.365   0.389 -9999.0 -9999.0    12.0    11.3    13.8
53968 20210109  2.622  -95.72   31.78     9.8    -2.3     3.7     3.5     0.0    11.18 C    21.8     0.8    10.0    89.3    40.2    69.1 -99.000 -99.000 -99.000   0.364   0.389 -9999.0 -9999.0    11.3    10.5    13.5
53968 20210110  2.622  -95.72   31.78     4.7     0.1     2.4     1.8    15.9     0.45 C    10.5     5.8     7.8    91.8    60.7    79.9 -99.000 -99.000 -99.000   0.366   0.389 -9999.0 -9999.0    10.9    10.1    13.2
53968 20210111  2.622  -95.72   31.78     3.6    -2.1     0.7     0.8     0.0     5.09 C    12.4     4.5     7.0    91.4    71.4    86.3 -99.000 -99.000 -99.000   0.368   0.389 -9999.0 -9999.0     9.9     9.1    12.8
53968 20210112  2.622  -95.72   31.78    10.0    -3.3     3.3     2.7     0.0    11.23 C    22.2     3.3    10.0    91.9    46.1    77.3 -99.000 -99.000 -99.000   0.369   0.389 -9999.0 -9999.0     9.1     8.2    12.3
53968 20210113  2.622  -95.72   31.78    15.1     0.0     7.5     7.4     0.2    12.68 C    23.4     4.8    12.5    87.8    34.4    64.9 -99.000 -99.000 -99.000   0.368   0.389 -9999.0 -9999.0     9.5     8.7    11.9
53968 20210114  2.622  -95.72   31.78    17.5     5.0    11.2    10.4     0.0    12.01 C    24.1     7.4    13.8    79.4    24.8    50.3 -99.000 -99.000 -99.000   0.366   0.389 -9999.0 -9999.0    10.1     9.2    11.9
53968 20210115  2.622  -95.72   31.78    12.4    -0.9     5.8     6.1     0.0    13.02 C    20.2     4.5    10.0    73.9    14.8    38.8 -99.000 -99.000 -99.000   0.367   0.389 -9999.0 -9999.0    10.2     9.3    12.0
53968 20210116  2.622  -95.72   31.78    13.0    -2.2     5.4     4.9     0.0    12.90 C    22.3     3.2    10.5    69.9    21.3    47.4 -99.000 -99.000 -99.000   0.367   0.389 -9999.0 -9999.0     9.8     8.8    11.9
53968 20210117  2.622  -95.72   31.78    16.7    -0.4     8.1     7.3     0.0    12.44 C    25.4     4.7    11.9    73.6    18.4    47.7 -99.000 -99.000 -99.000   0.359   0.389 -9999.0 -9999.0     9.8     8.8    11.7
53968 20210118  2.622  -95.72   31.78    20.2     0.4    10.3    11.2     0.0     9.66 C    27.3     5.2    14.5    70.1    30.0    52.3 -99.000 -99.000 -99.000   0.351   0.389 -9999.0 -9999.0     9.9     8.9    11.7
53968 20210119  2.622  -95.72   31.78    15.1    10.1    12.6    12.9    12.9     1.04 C    18.6    14.6    17.0    89.5    67.0    82.4 -99.000 -99.000 -99.000   0.359   0.389 -9999.0 -9999.0    10.8    10.0    11.7
53968 20210120  2.622  -95.72   31.78    13.4     8.9    11.1    10.8     0.3     2.63 C    19.3    13.6    16.1    91.0    75.6    82.6 -99.000 -99.000 -99.000   0.368   0.389 -9999.0 -9999.0    11.4    10.8    12.0
53968 20210121  2.622  -95.72   31.78    16.3     8.8    12.6    12.7     2.7     2.73 C    22.3    14.5    17.5    92.6    78.8    89.1 -99.000 -99.000 -99.000   0.369   0.390 -9999.0 -9999.0    11.8    11.3    12.3
53968 20210122  2.622  -95.72   31.78    14.1    10.5    12.3    12.2     1.0     1.94 C    19.8    14.3    17.0    92.6    86.3    90.3 -99.000 -99.000 -99.000   0.370   0.390 -9999.0 -9999.0    12.3    11.9    12.6
53968 20210123  2.622  -95.72   31.78    12.9    10.4    11.6    11.4     0.0     3.19 C    20.0    15.3    16.8    91.3    86.4    89.4 -99.000 -99.000 -99.000   0.371   0.390 -9999.0 -9999.0    12.6    12.2    12.8
53968 20210124  2.622  -95.72   31.78    20.5    11.8    16.1    16.4     0.0     3.10 C    25.2    16.5    20.3    93.1    81.9    89.2 -99.000 -99.000 -99.000   0.371   0.391 -9999.0 -9999.0    12.9    12.6    13.0
53968 20210125  2.622  -95.72   31.78    21.7     8.3    15.0    17.6     4.4     8.80 C    28.2    11.2    20.7    85.1    29.4    67.4 -99.000 -99.000 -99.000   0.372   0.391 -9999.0 -9999.0    14.0    13.9    13.4
53968 20210126  2.622  -95.72   31.78    19.4     4.5    12.0    11.5     0.0    12.06 C    27.0     9.6    15.8    85.5    34.4    65.7 -99.000 -99.000 -99.000   0.372   0.391 -9999.0 -9999.0    14.2    13.8    13.8
53968 20210127  2.622  -95.72   31.78    14.4     3.2     8.8     9.0     0.0    13.58 C    23.2     7.1    13.6    68.2    35.0    52.9 -99.000 -99.000 -99.000   0.373   0.391 -9999.0 -9999.0    13.7    13.2    14.0
53968 20210128  2.622  -95.72   31.78    12.0     0.3     6.2     5.4     0.0    13.52 C    24.3     5.8    12.0    73.9    35.5    60.0 -99.000 -99.000 -99.000   0.366   0.391 -9999.0 -9999.0    12.9    12.1    13.9
53968 20210129  2.622  -95.72   31.78    16.7     4.0    10.3    10.4     0.0    12.97 C    26.0     8.3    15.2    72.9    41.2    60.3 -99.000 -99.000 -99.000   0.359   0.391 -9999.0 -9999.0    12.5    11.6    13.6
